--15-

tibi ·
Sub 100110, 18 1001110 (111 2001011101), 22 1111101101, 5,1611111,

7,9 0001011100, 14 Hit, 82101101, 5 01111101110, 0 10110111,
25 concidat, 3011000011, 451100, 9,301111110, 8111001, 14 00110,
23 100110, 28 uigiliarc, 34 1111011, 11,5 Νο0110, 7 11010, 11
10110110, 14 10100110, 17 prospecta, 00011111, 12,110οξ(011012),
13,35 11111110 (fort. compend. 10 111110, ex 1100 L exscriptus
001), 14,3 11010100, 15,3 11011110, 5 Est, 17 0000111010, 19

HysiphiIe, 29 110100οἰ0, 1112 11111010 (a 111 2 0111000011), 12
00111, 21 Nullo 00, 22 1010111110, 25 001 0, 28 Percussae,
17,7 Nullo 00, 18,10 puelle — 1110, 19,4 ex 01111110, 21119
labente, 22 regit, 27 erpere, 30 sumeret, 31 orythie, 35
’ mille, 21,6 110, 22,9 supposita. >

Liber II: 1, 40 10 eo conterat (7⁷ 111 ol. M A), 07 repleuit,
3,1r 11111110, 4,] 11;- 01, 3 Ηο0, 1101100101, 91010, 23 1111111110,
6,8 11110, 11 Μο0, 131011001, 2010101110,’320011100111, 8,30

κ 100101110, 9,3 1110110000, 10,7 11010100, 22 onos, 11,3 000,

1216 Assiduus 1110 ooo, 13,7 magna, 17 claudit, 13,25
01101, 26 persephone, 37 1110, 47 10010, 56 11100100, 14,29
mala, 15,1 onor, 0111, 211 1000 -- 1110, 21 prohibente 10, 39
(labi, 10,1 Precor, 11011101, 44 101111, 50 fluminaque, 17 ,5 10οα

1010, 0000010010, 18,31 01100, 20,7 bissex, 10 01010 011 11011
0111, 22 10001, 21,5 contet, 22,11 aliquis, 23,5 quae 01100
0010, 24,5 spirare, 10 101110, 27 1011011, 31 10111101111101,
25,7 101100110 Η, 30 10100110, 42 110101, 47 10 0010010 Η,
2111 1000101110, 12 1101000 1001110, 49 01, 53 sylla, 27,1

1001111110, 28,27 1101101111, 2918111011, 22 00010, (110000, 30,30
ad 0111, 31,13 11010001 Η, 1501011100, 32,3 1111111110, 42101111,

34, 38 ab 010110 01011, 03 00000, 89 Νο0.

1111011111 1,28 campo, 39 01101010 tet. 11111. 0111, 2,9

 

